1
3
8
9
13
14
15
17
18
19
20
21
22
24
25
28
29
33
34
35
37
39
40
42
44
45
48
49
50
51
53
54
55
56
57
58
59
60
61
67
70
71
72
74
79
80
82
83
84
89
90
91
92
95
96
97
98
99
100
101
103
104
105
106
107
108
109
110
111
112
113
114
115
116
117
118
119
120
121
122
123
124
125
127
128
129
130
131
132
133
134
136
137
138
139
140
141
142
143
144
146
147
148
149
151
152
153
154
155
156
157
158
159
161
162
164
165
166
167
168
169
170
171
172
173
174
175
177
178
179
181
182
183
184
185
186
187
188
189
190
191
192
193
194
195
196
197
198
199
201
202
203
204
205
206
207
208
209
210
211
212
213
214
215
216
217
220
221
222
223
225
226
227
228
229
230
231
232
233
234
236
237
238
241
242
244
245
246
247
248
249
251
252
253
255
256
257
258
259
260
261
263
264
265
